00010000011000000000000000010001
00100000000010110000000000000001
00010000011010110000000000010001
00100000000011000000000000000010
00010000011011000000000000010001
00100000000001000000000000000001
00100000000001010000000000000000
00000000000000110011000000100000
00100000000000110000000000000001
00001000000000000000000000001010
00010000110011000000000000001010
00100000110001101111111111111111
00001000000000000000000000001101
00000000000001000010100000100000
00000000000000110010000000100000
00000000100001010001100000100000
00001000000000000000000000001010
00100000000000110000000000000000
00001000000000000000000000010111
00100000000000110000000000000001
00001000000000000000000000010111
00100000000000110000000000000010
00001000000000000000000000010111
00000000000000110001100000100000


